0.0910766 0.0910766 0.0910766 0.0910766 
0.0911099 0.0911099 0.0911099 0.0911099 
0.0911411 0.0911411 0.0911411 0.0911411 
0.0911606 0.0911606 0.0911606 0.0911606 
0.0911964 0.0911964 0.0911964 0.0911964 
0.0912303 0.0912303 0.0912303 0.0912303 
0.0912316 0.0912316 0.0912316 0.0912316 
0.0912701 0.0912701 0.0912701 0.0912701 
0.0913067 0.0913067 0.0913067 0.0913067 
0.139403 0.139403 0.139403 0.139403 
0.0887034 0.0887034 0.0887034 
0.0887034 0.0887034 0.0887034 
0.0887034 0.0887034 0.0887034 
0.0887034 0.0887034 0.0887034 
0.0954253 0.0954253 0.0954253 
0.076 
0.076 
0.076 
0.076 
