4
10
5
4
2
0.34355 1.25975 4.92894 0.341275 1.25055 4.9322 0.354989 1.24716 4.91784 -4.24652 
-0.546728 -0.112264 3.25592 -0.548032 -0.0926057 3.24303 -0.558994 -0.0756212 3.24259 -6.01019 
3.49161 3.22256 0.080946 3.48436 3.20848 0.120535 3.47985 3.19254 0.158913 -7.98189 
5.91408 -0.196975 -0.795154 5.90767 -0.215287 -0.795292 5.90886 -0.233686 -0.804489 -0.0467074 
3.35205 -1.90868 -2.44636 3.85706 -3.88168 
0.75415 2.56649 3.73577 -0.175369 -2.51345 
1.03214 2.04949 2.65329 0.417799 -3.11898 
3.55751 0.604707 1.14907 -2.36549 
-1.40219 2.36715 1.9426 -1.1184 
