3
49
30
4
-34.0004 31.5912 63.495 59.3109 -57.2386 -4.51704 -34.5368 -60.0341 37.5973 -7.3523 41.5304 42.4523 -47.9407 -83.2267 -52.6285 -39.8468 35.3397 9.49789 51.6058 46.7222 -34.6172 3.15117 -33.9397 7.04938 35.1915 -10.9279 63.2655 50.2983 -90.9737 -1.65672 -9.37807 41.4911 43.6529 -4.20155 12.5697 29.0459 -28.2427 -57.1026 -55.1424 -20.8037 -19.1576 -13.0206 -47.0795 50.341 -24.6637 -40.7537 20.6686 -5.24278 -0.0352101 
86.0171 -107.671 36.0915 -27.7804 21.3498 53.0969 0.478433 20.8686 -77.5957 -47.6228 99.4958 38.237 -71.0399 -8.35767 -7.39266 -19.0554 45.5088 -2.07864 15.4273 -75.1896 -54.0115 33.9898 7.35579 31.1054 31.5478 76.6067 -8.38165 -27.9156 -12.6071 -23.2945 46.1409 -4.32175 39.2444 -98.3769 19.3728 8.93324 30.8626 91.5488 -133.509 42.2101 -36.3987 -25.5189 -45.2148 54.2255 -113.089 -4.21781 -81.4445 31.6828 0.067989 
72.2864 15.2538 -20.0465 10.2342 43.8099 25.1227 29.4846 87.3761 -153.654 29.5968 5.35011 -44.58 -89.1359 45.1107 -8.59895 -54.2783 12.5716 51.5456 65.5504 -65.5587 -0.353367 -35.7575 -2.47897 11.4551 -12.4606 -45.6855 14.7268 -26.523 -58.1316 74.3733 -84.1385 15.2692 -36.4546 23.4431 -32.334 13.7391 33.5396 44.062 -63.5058 22.6296 9.10733 -6.81334 -21.2878 -41.0847 -20.3446 12.8795 -3.35482 -12.8495 -0.175406 
42.3299 14.0436 -8.90999 10.6186 -43.7564 61.6279 -45.5482 -69.2397 -18.0129 -36.2174 -51.7626 -16.7534 40.1922 10.5901 -27.8685 9.13353 9.8077 46.5126 43.4328 -17.9249 -48.2795 3.31976 14.4142 -3.65976 40.6324 -18.6594 21.9806 4.50208 -40.4216 15.9175 8.11707 10.0989 -1.42246 13.1562 16.7631 59.2064 5.12314 2.98208 -18.9398 -30.5915 -15.9779 -66.0039 -43.218 24.5918 -55.338 -46.7382 31.0961 14.1095 45.8692 
-125.79 -2.38704 -1.34477 -29.0325 60.8092 45.2404 72.2966 15.7245 -19.8427 -4.03679 52.5398 17.5921 95.4188 -182.603 36.0169 4.59869 21.9396 27.5529 -69.9827 -55.7084 -38.7684 -27.0282 3.98838 27.9833 -0.128225 135.622 4.72686 -39.1091 22.6124 45.8056 -15.7226 14.5756 -60.5504 -21.5962 -74.0202 -57.0003 -31.1394 1.1022 34.8551 19.3933 -53.36 42.7683 62.7336 101.441 49.248 -70.6449 2.24692 -37.2188 -122.285 
69.1834 16.1086 19.2296 0.767377 -13.0573 -43.292 -47.6472 48.1701 -21.3807 -53.2241 -46.2679 20.6813 -43.1991 31.8099 10.8519 1.48536 5.56372 4.66264 -53.5882 17.8014 -48.9557 -12.9902 5.91693 48.6063 -42.2965 8.88769 -51.7584 -2.9514 34.189 21.5874 46.548 -16.0945 -38.9028 -25.2485 -36.4128 55.2421 -7.31058 22.5887 -10.271 24.6251 -39.956 -51.1976 29.5735 56.0729 -48.995 49.5505 -26.9198 -36.3915 2.2844 
-113.367 40.7386 -30.9173 -13.3062 -33.4862 74.9017 -74.9558 32.5968 -22.6416 36.0875 -42.9321 24.7079 72.2264 -42.988 57.6752 -79.8514 28.1287 -2.67461 -18.0773 -56.3214 -57.9908 -40.3781 -6.13119 -30.611 -21.9051 23.3578 26.3584 -18.9372 -28.4615 -36.9436 32.2136 45.6328 -16.693 -24.196 -14.5283 124.243 -57.5253 53.1117 27.3177 -35.9927 -37.8893 81.8844 7.13219 17.8307 -7.61936 -25.7381 33.8505 -54.0566 77.2561 
5.42753 -12.8574 -5.3983 22.5044 -31.3346 16.0189 26.2496 -27.5798 -35.8782 13.7528 -13.7256 35.3418 5.48124 15.702 -7.88483 -6.53808 -3.34798 3.98073 -22.981 9.44722 -29.0977 -18.4195 -37.4134 4.91736 -31.2945 35.281 35.8804 56.7951 -26.5374 -24.606 -25.4329 -33.3583 20.5569 12.8737 -13.8904 10.5271 -39.7966 0.353629 27.6927 6.58148 4.20626 38.8654 -44.9902 -2.1903 -15.6777 4.45511 -13.8995 -6.52574 4.54248 
33.5869 -23.5367 -39.5492 -38.7449 -23.3241 9.05718 11.8382 -29.4973 3.08804 -45.7743 -29.9767 30.0844 -99.855 39.6388 48.5146 -1.68544 61.0669 -40.8051 -65.8485 -97.6201 -53.5702 32.6576 35.6552 -0.0743922 64.7427 9.37921 -19.0972 -49.003 -15.9856 19.4648 44.9796 44.0022 58.1812 -12.9471 -55.5131 -71.0806 -0.611699 48.6526 -4.61432 20.2041 -2.10081 -71.5473 -12.0603 -37.1257 -37.9416 75.2635 46.6661 23.2065 14.0606 
18.3934 -3.56106 55.7188 10.483 -12.2951 -30.427 5.8786 15.1334 -13.1926 -24.8495 -20.9285 -4.07341 -32.2659 -18.3554 49.5606 -18.2561 -14.4978 -75.3636 11.8014 -13.4785 6.50902 -6.16891 -25.2374 -34.918 33.3905 -6.94057 23.9709 38.9223 -3.54114 -29.0914 -32.5936 14.8962 -6.36627 -16.1828 9.52834 -16.9532 -12.0633 16.8555 17.8827 4.6108 -8.9962 -2.29009 -10.5026 -9.15039 -9.62039 57.7746 -4.94548 2.29185 20.7097 
-36.8075 4.65059 -88.1608 34.8936 27.465 27.3378 23.4467 72.7225 -75.3209 -0.914234 -35.3168 -32.5022 11.7407 -1.44331 -13.3336 26.3501 -69.3057 31.0868 59.7032 -29.5475 12.7129 0.532818 -18.7598 -25.6824 -19.693 2.77836 -41.1514 15.4405 29.3671 11.2188 -24.7456 -30.2401 7.72564 35.7159 -22.811 -10.9262 11.1354 23.7122 -54.7503 -1.96165 -28.7362 53.1322 14.6903 22.7767 12.0735 -50.8989 -39.3752 13.5654 21.2419 
-39.4693 -55.1242 -8.56386 -71.5419 -0.0295766 -17.723 -62.5023 -66.5096 -42.2662 -33.1326 -56.8228 -17.3502 -65.011 -50.6915 -4.32078 40.9761 -90.6253 24.7073 -4.91992 13.439 -42.7137 -20.0757 6.7765 -66.8711 -51.1297 -56.0199 -26.6354 20.5867 -14.6415 -9.01277 38.221 -15.9678 71.7635 -5.00666 -47.7142 78.5134 7.19952 51.5509 -25.2449 9.16009 15.9487 82.1811 98.5541 38.908 51.0637 39.2407 51.2516 25.2691 54.5047 
43.2583 5.0671 -30.7523 -31.6952 77.2947 1.24634 6.96429 47.071 -9.94346 -49.0426 20.2486 -37.8658 -73.0474 -80.5057 -35.5088 -71.9352 67.5418 -58.5793 -11.8665 36.9557 18.5713 -4.17287 -44.6201 -17.5348 20.5133 -0.921221 4.47711 4.53529 -35.2444 22.6652 22.504 47.8435 -32.733 -26.6876 -3.44081 4.51225 -57.173 3.07671 -28.0371 -46.3606 38.4769 48.5598 25.0451 -9.10536 -59.2342 38.5646 4.6108 27.7826 -26.0903 
9.82306 -48.6611 21.2812 70.2689 -15.7582 -53.6779 5.84282 -146.963 -43.1765 -39.975 -77.4888 -49.7778 35.377 -92.2654 75.952 44.4005 9.43764 16.1171 17.1355 -14.8773 36.391 42.2644 44.6596 -1.71836 86.822 -14.5265 30.6172 38.608 -8.32171 121.608 -21.5903 28.205 -36.3568 115.559 13.73 -45.2278 -4.06476 -32.9063 17.8662 -75.9083 11.6403 -71.8108 -35.4425 -31.5788 -3.57152 -29.1997 0.293835 -54.0487 -47.1438 
-12.3986 -49.6482 1.25981 -73.9507 75.0727 23.5705 37.2803 9.95478 11.9731 38.0057 -13.2908 46.1452 34.2232 -91.0626 -38.1422 -5.38075 -89.3665 -15.4501 -32.5734 -16.7415 42.3823 1.45666 3.24984 -37.8087 12.5466 110.387 38.7514 -17.8572 -0.906179 -123.188 15.4288 54.1997 24.9868 8.93962 7.6998 -55.7618 69.8622 44.7858 69.637 61.0562 -53.7925 54.8869 -16.7358 22.1986 63.9386 68.7903 -59.9669 23.7456 -91.2585 
15.2533 68.072 -22.0601 53.284 13.582 -7.15542 52.4646 -55.1441 67.4467 -58.4812 12.0005 57.994 3.3641 -1.61943 -15.9275 -4.0091 28.3112 17.2351 -56.3691 -71.0927 -29.2457 -56.9981 -3.92468 -15.7486 -40.0127 4.17577 14.0141 4.3424 -2.85612 30.7727 2.25144 -42.0435 26.5137 87.4531 -77.7037 -38.8118 -37.0131 -24.8125 39.2061 18.8685 -2.10949 60.3457 -20.9894 94.8147 -68.9356 -21.9688 11.6784 -45.2884 -62.2868 
8.56676 18.9097 -30.0381 17.7632 -3.29398 1.77774 11.6006 11.7166 -38.0258 18.3663 -15.5175 11.4777 -22.3208 -20.9032 -38.0919 -19.988 -14.4791 -9.94257 -42.4783 18.762 -18.0323 15.3128 -63.9168 12.526 -6.82564 43.3601 -40.8091 64.471 22.4963 9.93402 54.2333 -21.4092 -12.687 -18.2456 -35.5539 -10.9263 -2.1177 -35.0496 5.12799 10.2523 -11.2261 51.8028 14.3424 -34.2196 -16.2047 23.7875 -6.02674 17.612 -17.8083 
41.6119 84.3174 45.7756 44.7216 -48.2304 97.0933 -10.3484 64.5573 -53.3457 41.0251 17.1646 30.9153 33.7057 47.2804 -18.4015 41.7883 -5.20344 67.0079 81.2993 85.1512 -98.7079 -52.4773 -23.4457 -0.517978 -79.2093 -47.4545 -76.864 71.2915 -55.5732 22.6152 -24.5201 -20.6865 -15.5908 -40.6894 -1.22481 33.8111 -21.1738 -70.6016 -94.103 -36.5536 8.87683 -77.2745 -127.445 62.3679 -69.7438 -43.2533 5.34726 -80.0191 3.01574 
-12.5007 0.79793 4.06088 13.9847 -6.45536 -12.6484 8.04117 5.13908 -10.7237 -0.902784 -20.59 14.4994 -0.0259471 -4.78912 -5.73637 10.0727 1.80616 -3.36297 4.54014 -1.67217 -12.8087 -3.56013 -5.3526 -2.56938 -15.4159 -3.08791 -0.68299 6.81459 -6.93887 -2.23843 5.28596 4.80802 -1.3082 2.60117 -5.48192 -0.985818 4.86136 -1.8439 -6.00691 0.283985 -8.47565 9.92991 -5.21261 -1.84383 -4.5877 18.1439 -0.894685 -0.704983 4.21152 
-79.2962 -38.462 -62.5182 41.0452 -85.8373 -62.4849 -37.4129 19.9653 39.6327 14.3181 -49.8403 89.3184 34.9505 -5.21064 -39.9107 102.601 -0.305437 24.3033 -11.2259 111.612 -29.253 61.082 -18.658 27.3303 -23.5643 0.0496132 -46.634 57.8872 -16.6551 -45.3174 10.3119 -20.686 39.6865 -2.86249 9.40414 -21.5217 -94.1188 -47.5341 -33.4064 -68.1399 -44.0857 -76.5378 24.0309 40.3205 39.2243 -9.83187 23.1705 48.0873 7.77368 
18.7146 41.7216 2.03545 16.1742 32.1755 -18.4631 -20.4242 -62.517 14.4709 -19.9579 -1.10888 43.907 -45.531 -43.4186 22.385 -14.9461 13.156 -62.2516 -66.0961 30.4356 -70.4477 20.9543 -0.715674 -26.3179 -0.921391 -36.4563 50.0339 -7.24679 -14.6117 -39.368 -2.64048 -12.7527 -24.4062 58.5561 -6.0025 -27.5001 16.9744 0.831491 42.9545 -15.8577 -89.1234 27.9924 -28.962 25.0952 -14.71 -20.053 16.0623 29.0425 45.6255 
-40.3882 -24.1788 -0.313691 -1.5872 -48.6608 -6.9196 21.1357 -48.0609 -6.55526 -94.6957 -17.263 32.7393 -43.2442 20.4632 -52.0215 -24.5442 4.16406 32.7553 13.0154 27.1727 8.46657 -39.7219 -88.6557 32.8596 43.4408 29.4876 57.1207 27.0196 -107.416 48.9869 91.3188 25.2506 53.9674 11.1543 -86.6602 -12.0112 127.92 -48.1214 -0.593791 39.9647 10.5675 -48.4323 -54.4497 39.6064 11.5366 3.57263 -26.9438 -15.5497 -51.1784 
-73.339 -16.696 40.5289 3.03553 5.95104 -15.4265 66.1659 116.98 -48.0091 -89.3268 8.76151 -18.3771 -69.5574 -50.9969 -19.9597 11.2267 -2.90355 -86.9482 15.5692 55.5377 10.2714 29.5841 -51.8647 44.8811 7.21998 45.0237 13.7467 50.3203 -8.4345 48.4277 -7.63218 -44.227 -73.2346 -91.3435 -14.7385 -31.6687 -26.1351 48.931 1.50088 66.2553 3.5991 -77.9138 15.2721 64.7564 13.8264 3.12654 -25.8431 53.315 -21.2849 
42.3299 14.0436 -8.90999 10.6186 -43.7564 61.6279 -45.5482 -69.2397 -18.0129 -36.2174 -51.7626 -16.7534 40.1922 10.5901 -27.8685 9.13353 9.8077 46.5126 43.4328 -17.9249 -48.2795 3.31976 14.4142 -3.65976 40.6324 -18.6594 21.9806 4.50208 -40.4216 15.9175 8.11707 10.0989 -1.42246 13.1562 16.7631 59.2064 5.12314 2.98208 -18.9398 -30.5915 -15.9779 -66.0039 -43.218 24.5918 -55.338 -46.7382 31.0961 14.1095 45.8692 
4.97666 0.802084 -38.3404 49.2902 16.9135 -16.7982 -51.4522 -52.0545 -59.9947 74.0225 59.2387 78.4944 -2.72424 -44.7742 35.5966 14.9098 15.3452 42.759 -39.8156 -74.8363 -4.36715 -39.1927 104.821 -25.4118 -31.4567 -15.4062 -50.8646 -24.1956 -32.8293 -4.89228 -3.57802 -40.6447 -4.89674 64.5059 -25.9106 31.855 -4.18496 47.6826 -43.4923 10.0499 -31.3914 28.2937 -34.7435 -9.08387 -46.7087 -20.5939 44.6821 -14.3533 -24.1188 
15.2533 68.072 -22.0601 53.284 13.582 -7.15542 52.4646 -55.1441 67.4467 -58.4812 12.0005 57.994 3.3641 -1.61943 -15.9275 -4.0091 28.3112 17.2351 -56.3691 -71.0927 -29.2457 -56.9981 -3.92468 -15.7486 -40.0127 4.17577 14.0141 4.3424 -2.85612 30.7727 2.25144 -42.0435 26.5137 87.4531 -77.7037 -38.8118 -37.0131 -24.8125 39.2061 18.8685 -2.10949 60.3457 -20.9894 94.8147 -68.9356 -21.9688 11.6784 -45.2884 -62.2868 
0.359161 0.420093 8.90624 7.28433 -12.7873 -7.66961 0.72343 -14.0226 -18.9328 0.166159 8.88856 27.6088 -3.08382 -7.25921 13.3499 2.23108 12.3861 -5.28879 -13.0959 -5.8336 5.11142 -11.7907 0.524375 -11.7751 5.61886 7.61404 5.08371 -3.55827 -15.6298 -13.243 -6.36632 -5.63633 14.2315 -16.5264 2.76218 11.1864 4.6222 5.11511 1.56154 0.053787 14.2866 3.96835 8.38904 -11.8324 -2.21253 -8.37255 -11.5048 -9.6643 -1.71184 
18.3934 -3.56106 55.7188 10.483 -12.2951 -30.427 5.8786 15.1334 -13.1926 -24.8495 -20.9285 -4.07341 -32.2659 -18.3554 49.5606 -18.2561 -14.4978 -75.3636 11.8014 -13.4785 6.50902 -6.16891 -25.2374 -34.918 33.3905 -6.94057 23.9709 38.9223 -3.54114 -29.0914 -32.5936 14.8962 -6.36627 -16.1828 9.52834 -16.9532 -12.0633 16.8555 17.8827 4.6108 -8.9962 -2.29009 -10.5026 -9.15039 -9.62039 57.7746 -4.94548 2.29185 20.7097 
5.42753 -12.8574 -5.3983 22.5044 -31.3346 16.0189 26.2496 -27.5798 -35.8782 13.7528 -13.7256 35.3418 5.48124 15.702 -7.88483 -6.53808 -3.34798 3.98073 -22.981 9.44722 -29.0977 -18.4195 -37.4134 4.91736 -31.2945 35.281 35.8804 56.7951 -26.5374 -24.606 -25.4329 -33.3583 20.5569 12.8737 -13.8904 10.5271 -39.7966 0.353629 27.6927 6.58148 4.20626 38.8654 -44.9902 -2.1903 -15.6777 4.45511 -13.8995 -6.52574 4.54248 
-2.00466 1.91988 3.67775 -0.897409 -2.2158 -3.09794 2.49212 -1.86383 -1.73237 -1.11884 -3.83159 2.51522 -6.46245 3.56119 2.45827 1.0743 5.47063 2.59069 0.118313 3.1918 4.87388 -1.26102 1.34238 -0.897409 -3.8454 1.0743 1.00523 -1.11884 -1.86383 -2.32296 
-0.24425 -0.172229 -1.28239 0.324057 1.03947 0.685813 -1.02365 0.502281 -0.72983 0.804289 0.439649 -0.861482 2.45 -1.38359 -1.32285 -0.457344 -1.5589 -0.903693 0.267736 -0.897254 -1.08144 1.34128 -1.07099 0.324057 1.5998 -0.457344 -1.13425 0.804289 0.502281 0.0927863 
1.41511 -1.30248 -1.10506 0.333699 0.448619 1.11558 -0.79219 0.523827 1.69119 -0.184961 1.65793 -0.98169 1.44529 -1.17404 -0.0690241 -0.235612 -1.8901 -0.82918 0.22126 -1.3152 -2.13695 -0.66169 0.208656 0.333699 0.491319 -0.235612 0.58119 -0.184961 0.523827 -1.11324 
-1.02944 -1.70982 1.21302 1.38908 -0.985945 -0.258237 -0.348141 -3.35392 -2.21214 -3.79492 -0.49315 -10.0339 -2.37038 -0.579926 1.24077 0.645812 2.65695 -10.4386 14.0901 0.719427 5.30477 -3.44916 2.34127 1.38908 -0.310442 0.645812 5.57255 -3.79492 -3.35392 -3.86642 
